eto_molecule_placements = [
[[0, 0, 0], [0, 0, 0], [0, 0, 0], [0, 0, 0], [0, 0, 0], [0, 0, 0]], 
[[0, 0, 0], [0, 0, 0], [0, 0, 0], [0, 0, 0], [0, 0, 0], [0, 0, [1,5,'z',180]]], 
[[0, 0, 0], [0, 0, 0], [0, 0, 0], [0, 0, 0], [0, 0, 0], [[1,5,'z',180], 0, [1,5,'z',180]]], 
[[0, 0, 0], [0, 0, 0], [0, 0, 0], [0, 0, 0], [0, 1, 0], [[1,5,'z',180], 0, [1,5,'z',180]]], 
[[0, 0, 0], [0, 0, 0], [0, 0, 0], [0, 0, [1,5,'z',180]], [1, 0, 1], [0, [1,5,'z',180], 0]], 
[[0, 0, 0], [0, 0, 0], [0, 0, 0], [[1,5,'z',180], 0, [1,5,'z',180]], [1, 0, 1], [0, [1,5,'z',180], 0]], 
[[0, 0, 0], [0, 0, 0], [0, 1, 0], [[1,5,'z',180], 0, [1,5,'z',180]], [1, 0, 1], [0, [1,5,'z',180], 0]], 
[[0, 0, 0], [0, 0, [1,5,'z',180]], [0, 1, 0], [[1,5,'z',180], 0, [1,5,'z',180]], [1, 0, 1], [0, [1,5,'z',180], 0]], 
[[0, 0, 0], [[1,5,'z',180], 0, [1,5,'z',180]], [0, 1, 0], [[1,5,'z',180], 0, [1,5,'z',180]], [1, 0, 1], [0, [1,5,'z',180], 0]], 
[[0, 1, 0], [[1,5,'z',180], 0, [1,5,'z',180]], [0, 1, 0], [[1,5,'z',180], 0, [1,5,'z',180]], [1, 0, 1], [0, [1,5,'z',180], 0]], 
[[0, 1, 0], [[1,5,'z',180], 0, [1,5,'z',180]], [0, 1, 0], [[1,5,'z',180], [1,5,'z',180], [1,5,'z',180]], [1, 0, 1], [0, [1,5,'z',180], 0]], 
[[0, 1, 0], [[1,5,'z',180], 0, [1,5,'z',180]], [0, 1, 1], [0, [1,5,'z',180], [1,5,'z',180]], [1, 0, 1], [[1,5,'z',180], [1,5,'z',180], 0]], 
[[0, 1, 0], [[1,5,'z',180], 0, [1,5,'z',180]], [1, 0, 1], [0, [1,5,'z',180], 0], [1, 1, 1], [[1,5,'z',180], [1,5,'z',180], [1,5,'z',180]]],
[[0, 1, 0], [[1,5,'z',180], 0, [1,5,'z',180]], [1, 0, 1], [0, [1,5,'z',180], [1,5,'z',180]], [1, 1, 1], [[1,5,'z',180], [1,5,'z',180], [1,5,'z',180]]],
[[0, 1, 0], [[1,5,'z',180], 0, [1,5,'z',180]], [1, 0, 1], [[1,5,'z',180], [1,5,'z',180], [1,5,'z',180]], [1, 1, 1], [[1,5,'z',180], [1,5,'z',180], [1,5,'z',180]]],
[[0, 1, 0], [[1,5,'z',180], 0, [1,5,'z',180]], [1, 1, 1], [[1,5,'z',180], [1,5,'z',180], [1,5,'z',180]], [1, 1, 1], [[1,5,'z',180], [1,5,'z',180], [1,5,'z',180]]],
[[0, 1, 0], [[1,5,'z',180], [1,5,'z',180], [1,5,'z',180]], [1, 1, 1], [[1,5,'z',180], [1,5,'z',180], [1,5,'z',180]], [1, 1, 1], [[1,5,'z',180], [1,5,'z',180], [1,5,'z',180]]], 
[[0, 1, 1], [[1,5,'z',180], [1,5,'z',180], [1,5,'z',180]], [1, 1, 1], [[1,5,'z',180], [1,5,'z',180], [1,5,'z',180]], [1, 1, 1], [[1,5,'z',180], [1,5,'z',180], [1,5,'z',180]]], 
[[1, 1, 1], [[1,5,'z',180], [1,5,'z',180], [1,5,'z',180]], [1, 1, 1], [[1,5,'z',180], [1,5,'z',180], [1,5,'z',180]], [1, 1, 1], [[1,5,'z',180], [1,5,'z',180], [1,5,'z',180]]], 
]
