   1   -0.683355
   2   -0.679413
   3    1.559371
   4    1.670315
   5   -0.836727
   6   -0.834128
   7    1.557582
   8    1.670702
   9   -0.837161
  10   -0.834903
  11   -0.833515
  12   -0.835827
  13   -0.854939
  14   -0.860814
  15    1.642334
  16   -0.843960
  17   -0.842294
  18    1.658458
  19    1.641533
  20   -0.844031
  21   -0.842166
  22    1.655867
  23   -0.833514
  24   -0.827869
  25   -0.817831
  26   -0.817498
  27    1.682255
  28   -0.838720
  29   -0.835044
  30    1.700047
  31    1.676278
  32   -0.838747
  33   -0.835120
  34    1.700313
  35   -0.814479
  36   -0.818029
  37   -0.829181
  38   -0.831468
  39    1.637873
  40   -0.844000
  41   -0.838390
  42    1.653315
  43    1.643065
  44   -0.844028
  45   -0.838415
  46    1.653242
  47   -0.857291
  48   -0.854734
  49   -0.832256
  50   -0.834281
  51    1.553319
  52   -0.829085
  53   -0.836910
  54    1.664989
  55    1.558271
  56   -0.829090
  57   -0.836914
  58    1.664979
  59   -0.686203
  60   -0.681981
  61   -0.683337
  62   -0.679420
  63    1.559554
  64    1.670300
  65   -0.836725
  66   -0.834166
  67    1.557560
  68    1.670719
  69   -0.837162
  70   -0.834856
  71   -0.833537
  72   -0.835825
  73   -0.854929
  74   -0.860818
  75    1.642318
  76   -0.843959
  77   -0.842314
  78    1.658412
  79    1.641574
  80   -0.844035
  81   -0.842194
  82    1.655988
  83   -0.833516
  84   -0.827884
  85   -0.817824
  86   -0.817498
  87    1.682296
  88   -0.838726
  89   -0.835046
  90    1.700065
  91    1.676275
  92   -0.838759
  93   -0.835117
  94    1.700345
  95   -0.814484
  96   -0.818035
  97   -0.829178
  98   -0.831471
  99    1.637871
 100   -0.844003
 101   -0.838390
 102    1.653319
 103    1.643069
 104   -0.844028
 105   -0.838413
 106    1.653234
 107   -0.857297
 108   -0.854728
 109   -0.832257
 110   -0.834285
 111    1.553319
 112   -0.829085
 113   -0.836911
 114    1.664988
 115    1.558273
 116   -0.829088
 117   -0.836914
 118    1.664976
 119   -0.686204
 120   -0.681980
 121   -0.683363
 122   -0.679460
 123    1.559430
 124    1.670335
 125   -0.836712
 126   -0.834176
 127    1.557532
 128    1.670793
 129   -0.837172
 130   -0.834859
 131   -0.833526
 132   -0.835793
 133   -0.854933
 134   -0.860818
 135    1.642361
 136   -0.843975
 137   -0.842302
 138    1.658366
 139    1.641608
 140   -0.844029
 141   -0.842178
 142    1.655934
 143   -0.833514
 144   -0.827845
 145   -0.817824
 146   -0.817495
 147    1.682268
 148   -0.838728
 149   -0.835050
 150    1.700075
 151    1.676257
 152   -0.838752
 153   -0.835118
 154    1.700325
 155   -0.814488
 156   -0.818036
 157   -0.829175
 158   -0.831460
 159    1.637872
 160   -0.844001
 161   -0.838388
 162    1.653322
 163    1.643075
 164   -0.844026
 165   -0.838413
 166    1.653236
 167   -0.857294
 168   -0.854734
 169   -0.832262
 170   -0.834285
 171    1.553319
 172   -0.829085
 173   -0.836912
 174    1.664983
 175    1.558268
 176   -0.829091
 177   -0.836913
 178    1.664973
 179   -0.686203
 180   -0.681980
 181   -0.683391
 182   -0.679487
 183    1.559548
 184    1.670395
 185   -0.836745
 186   -0.834150
 187    1.557531
 188    1.670833
 189   -0.837191
 190   -0.834822
 191   -0.833513
 192   -0.835791
 193   -0.854915
 194   -0.860818
 195    1.642340
 196   -0.843957
 197   -0.842302
 198    1.658381
 199    1.641627
 200   -0.844022
 201   -0.842181
 202    1.655962
 203   -0.833501
 204   -0.827861
 205   -0.817837
 206   -0.817502
 207    1.682303
 208   -0.838720
 209   -0.835041
 210    1.700056
 211    1.676256
 212   -0.838748
 213   -0.835111
 214    1.700318
 215   -0.814479
 216   -0.818032
 217   -0.829165
 218   -0.831467
 219    1.637873
 220   -0.844001
 221   -0.838388
 222    1.653303
 223    1.643073
 224   -0.844026
 225   -0.838416
 226    1.653233
 227   -0.857294
 228   -0.854719
 229   -0.832257
 230   -0.834282
 231    1.553310
 232   -0.829084
 233   -0.836909
 234    1.664987
 235    1.558280
 236   -0.829089
 237   -0.836913
 238    1.664977
 239   -0.686205
 240   -0.681979
 241   -0.683399
 242   -0.679458
 243    1.559379
 244    1.670396
 245   -0.836751
 246   -0.834134
 247    1.557502
 248    1.670798
 249   -0.837176
 250   -0.834817
 251   -0.833505
 252   -0.835805
 253   -0.854933
 254   -0.860839
 255    1.642384
 256   -0.843969
 257   -0.842302
 258    1.658403
 259    1.641606
 260   -0.844033
 261   -0.842186
 262    1.656051
 263   -0.833493
 264   -0.827839
 265   -0.817840
 266   -0.817499
 267    1.682251
 268   -0.838726
 269   -0.835042
 270    1.700060
 271    1.676258
 272   -0.838753
 273   -0.835117
 274    1.700342
 275   -0.814478
 276   -0.818039
 277   -0.829159
 278   -0.831457
 279    1.637871
 280   -0.844002
 281   -0.838390
 282    1.653321
 283    1.643078
 284   -0.844025
 285   -0.838412
 286    1.653229
 287   -0.857304
 288   -0.854733
 289   -0.832257
 290   -0.834285
 291    1.553304
 292   -0.829086
 293   -0.836912
 294    1.664986
 295    1.558275
 296   -0.829088
 297   -0.836914
 298    1.664975
 299   -0.686206
 300   -0.681982
 301   -0.683371
 302   -0.679452
 303    1.559403
 304    1.670313
 305   -0.836711
 306   -0.834150
 307    1.557554
 308    1.670732
 309   -0.837183
 310   -0.834880
 311   -0.833520
 312   -0.835811
 313   -0.854953
 314   -0.860808
 315    1.642352
 316   -0.843958
 317   -0.842311
 318    1.658435
 319    1.641544
 320   -0.844021
 321   -0.842178
 322    1.655801
 323   -0.833498
 324   -0.827833
 325   -0.817831
 326   -0.817507
 327    1.682213
 328   -0.838725
 329   -0.835045
 330    1.700073
 331    1.676251
 332   -0.838754
 333   -0.835118
 334    1.700318
 335   -0.814485
 336   -0.818034
 337   -0.829171
 338   -0.831452
 339    1.637875
 340   -0.844001
 341   -0.838388
 342    1.653313
 343    1.643073
 344   -0.844025
 345   -0.838413
 346    1.653243
 347   -0.857292
 348   -0.854732
 349   -0.832261
 350   -0.834282
 351    1.553317
 352   -0.829083
 353   -0.836911
 354    1.664985
 355    1.558275
 356   -0.829088
 357   -0.836913
 358    1.664974
 359   -0.686205
 360   -0.681982
 361   -0.683406
 362   -0.679494
 363    1.559374
 364    1.670322
 365   -0.836695
 366   -0.834182
 367    1.557545
 368    1.670815
 369   -0.837210
 370   -0.834874
 371   -0.833516
 372   -0.835788
 373   -0.854949
 374   -0.860816
 375    1.642388
 376   -0.843970
 377   -0.842287
 378    1.658438
 379    1.641608
 380   -0.844015
 381   -0.842174
 382    1.655838
 383   -0.833516
 384   -0.827844
 385   -0.817830
 386   -0.817510
 387    1.682234
 388   -0.838721
 389   -0.835040
 390    1.700062
 391    1.676263
 392   -0.838755
 393   -0.835113
 394    1.700322
 395   -0.814485
 396   -0.818034
 397   -0.829183
 398   -0.831460
 399    1.637877
 400   -0.843999
 401   -0.838389
 402    1.653315
 403    1.643069
 404   -0.844028
 405   -0.838414
 406    1.653249
 407   -0.857289
 408   -0.854739
 409   -0.832260
 410   -0.834283
 411    1.553325
 412   -0.829083
 413   -0.836913
 414    1.664988
 415    1.558269
 416   -0.829090
 417   -0.836915
 418    1.664976
 419   -0.686199
 420   -0.681978
 421   -0.683415
 422   -0.679498
 423    1.559481
 424    1.670366
 425   -0.836727
 426   -0.834172
 427    1.557536
 428    1.670815
 429   -0.837183
 430   -0.834851
 431   -0.833490
 432   -0.835802
 433   -0.854932
 434   -0.860819
 435    1.642377
 436   -0.843967
 437   -0.842289
 438    1.658424
 439    1.641594
 440   -0.844023
 441   -0.842184
 442    1.655968
 443   -0.833510
 444   -0.827889
 445   -0.817847
 446   -0.817515
 447    1.682299
 448   -0.838723
 449   -0.835047
 450    1.700057
 451    1.676282
 452   -0.838756
 453   -0.835120
 454    1.700333
 455   -0.814484
 456   -0.818027
 457   -0.829178
 458   -0.831474
 459    1.637873
 460   -0.844001
 461   -0.838389
 462    1.653309
 463    1.643074
 464   -0.844026
 465   -0.838414
 466    1.653233
 467   -0.857295
 468   -0.854723
 469   -0.832259
 470   -0.834281
 471    1.553321
 472   -0.829084
 473   -0.836912
 474    1.664989
 475    1.558275
 476   -0.829089
 477   -0.836913
 478    1.664975
 479   -0.686204
 480   -0.681979
 481   -0.683403
 482   -0.679482
 483    1.559487
 484    1.670378
 485   -0.836769
 486   -0.834157
 487    1.557603
 488    1.670787
 489   -0.837173
 490   -0.834822
 491   -0.833496
 492   -0.835787
 493   -0.854930
 494   -0.860828
 495    1.642338
 496   -0.843973
 497   -0.842294
 498    1.658296
 499    1.641618
 500   -0.844027
 501   -0.842177
 502    1.656026
 503   -0.833510
 504   -0.827848
 505   -0.817845
 506   -0.817499
 507    1.682298
 508   -0.838728
 509   -0.835048
 510    1.700069
 511    1.676262
 512   -0.838753
 513   -0.835112
 514    1.700333
 515   -0.814477
 516   -0.818034
 517   -0.829171
 518   -0.831465
 519    1.637872
 520   -0.844001
 521   -0.838388
 522    1.653322
 523    1.643073
 524   -0.844025
 525   -0.838412
 526    1.653230
 527   -0.857299
 528   -0.854731
 529   -0.832256
 530   -0.834284
 531    1.553317
 532   -0.829084
 533   -0.836912
 534    1.664987
 535    1.558270
 536   -0.829088
 537   -0.836915
 538    1.664974
 539   -0.686205
 540   -0.681978
